2476 8 3 2055 8 29
2394 10 8 1946 1 2
2073 8 30 2462 12 25
2034 4 28 2290 12 23
2034 3 26 2311 12 1
1912 11 19 2240 1 14
2065 6 21 1993 4 25
2340 12 3 2160 9 26
2353 10 20 2110 7 2
2120 8 8 2069 10 9
2152 2 22 2050 5 9
2391 2 13 2494 2 16
1948 9 7 1902 5 3
2339 1 26 2231 6 4
2439 9 9 2344 2 19
2001 1 25 1983 10 23
2198 8 14 2187 1 7
2450 5 2 2209 10 27
2023 5 12 2379 3 30
2464 1 10 2413 5 7
2387 9 30 2150 11 27
1937 9 26 2018 11 19
2235 12 25 2325 8 23
2051 11 16 2465 1 10
2225 12 14 2253 8 14
2014 6 3 2215 3 29
2053 8 31 2018 9 28
2208 7 16 2318 4 5
2350 2 25 1997 3 16
2439 7 10 2414 11 10
2468 8 5 2351 10 20
2248 6 21 2457 7 31
2064 3 14 1970 12 28
2236 9 2 2384 10 6
2292 12 10 1924 9 12
2495 1 12 1987 11 20
2306 10 10 1936 6 5
1946 1 15 2423 2 1
2342 6 17 2455 1 21
2126 9 18 2031 12 9
1922 6 4 2016 12 14
2275 2 9 2003 1 6
2270 3 27 2430 1 22
2054 2 5 1943 5 17
2192 2 8 2389 5 15
2303 6 19 2396 2 5
2272 8 30 2028 7 26
1974 4 18 1919 5 28
2286 7 11 2314 1 19
2487 4 1 2347 5 17
1919 11 23 2499 2 22
2023 5 26 2448 1 4
2362 6 14 2161 12 3
2121 6 17 2082 3 3
1999 1 27 2449 8 26
2364 6 26 2468 4 8
1925 7 14 2413 2 28
2484 7 18 2009 8 23
2119 12 8 2015 1 9
2443 7 11 2143 3 7
2306 2 5 2384 5 11
2271 9 20 2090 6 10
2074 5 24 2190 9 7
1962 12 23 2127 6 16
2499 1 2 2463 7 3
1970 4 12 2238 7 13
2065 9 29 2175 11 14
2266 4 12 2447 9 21
2484 3 3 1995 1 11
2011 11 9 2132 1 6
2308 2 2 2050 3 4
2380 12 1 2370 2 12
1934 7 9 2005 5 8
2197 4 25 2024 3 21
2057 9 28 2485 4 9
2456 4 28 2022 1 17
2018 12 14 1967 5 14
2058 2 3 2216 3 23
2131 3 22 2215 7 10
2448 11 3 2228 11 18
2116 2 12 2285 3 31
2121 5 11 2492 11 27
2368 5 21 1970 8 2
2093 10 30 2471 1 11
1999 8 16 2443 3 28
2130 2 17 2173 7 2
2119 3 7 2201 7 5
2287 10 5 2162 8 13
2284 8 5 1996 6 25
2478 12 5 2334 2 17
2252 7 1 2436 3 11
2159 10 3 2137 10 18
2190 4 4 2475 1 12
2108 12 30 2270 3 16
2076 4 30 2073 9 19
2237 1 8 2039 12 9
2110 6 9 2176 3 8
2124 4 3 2278 7 23
2106 2 11 2402 3 18
1934 10 14 2106 2 6
