2476 8 3 2055 8 29
2394 10 8 1946 1 2
2073 8 30 2462 12 25
2034 4 28 2290 12 23
2034 3 26 2311 12 1
1912 11 19 2240 1 14
2065 6 21 1993 4 25
2340 12 3 2160 9 26
2353 10 20 2110 7 2
2120 8 8 2069 10 9
2152 2 22 2050 5 9
2391 2 13 2494 2 16
1948 9 7 1902 5 3
2339 1 26 2231 6 4
2439 9 9 2344 2 19
2001 1 25 1983 10 23
2198 8 14 2187 1 7
2450 5 2 2209 10 27
2023 5 12 2379 3 30
2464 1 10 2413 5 7
2387 9 30 2150 11 27
1937 9 26 2018 11 19
2235 12 25 2325 8 23
2051 11 16 2465 1 10
2225 12 14 2253 8 14
2014 6 3 2215 3 29
2053 8 31 2018 9 28
2208 7 16 2318 4 5
2350 2 25 1997 3 16
2439 7 10 2414 11 10
2468 8 5 2351 10 20
2248 6 21 2457 7 31
2064 3 14 1970 12 28
2236 9 2 2384 10 6
2292 12 10 1924 9 12
2495 1 12 1987 11 20
2306 10 10 1936 6 5
1946 1 15 2423 2 1
2342 6 17 2455 1 21
2126 9 18 2031 12 9
1922 6 4 2016 12 14
2275 2 9 2003 1 6
2270 3 27 2430 1 22
2054 2 5 1943 5 17
2192 2 8 2389 5 15
2303 6 19 2396 2 5
2272 8 30 2028 7 26
1974 4 18 1919 5 28
2286 7 11 2314 1 19
2487 4 1 2347 5 17
1919 11 23 2499 2 22
2023 5 26 2448 1 4
2362 6 14 2161 12 3
2121 6 17 2082 3 3
1999 1 27 2449 8 26
2364 6 26 2468 4 8
1925 7 14 2413 2 28
2484 7 18 2009 8 23
2119 12 8 2015 1 9
2443 7 11 2143 3 7
2306 2 5 2384 5 11
2271 9 20 2090 6 10
2074 5 24 2190 9 7
1962 12 23 2127 6 16
2499 1 2 2463 7 3
1970 4 12 2238 7 13
2065 9 29 2175 11 14
2266 4 12 2447 9 21
2484 3 3 1995 1 11
2011 11 9 2132 1 6
2308 2 2 2050 3 4
2380 12 1 2370 2 12
1934 7 9 2005 5 8
2197 4 25 2024 3 21
2057 9 28 2485 4 9
2456 4 28 2022 1 17
2018 12 14 1967 5 14
2058 2 3 2216 3 23
2131 3 22 2215 7 10
2448 11 3 2228 11 18
2116 2 12 2285 3 31
2121 5 11 2492 11 27
2368 5 21 1970 8 2
2093 10 30 2471 1 11
1999 8 16 2443 3 28
2130 2 17 2173 7 2
2119 3 7 2201 7 5
2287 10 5 2162 8 13
2284 8 5 1996 6 25
2478 12 5 2334 2 17
2252 7 1 2436 3 11
2159 10 3 2137 10 18
2190 4 4 2475 1 12
2108 12 30 2270 3 16
2076 4 30 2073 9 19
2237 1 8 2039 12 9
2110 6 9 2176 3 8
2124 4 3 2278 7 23
2106 2 11 2402 3 18
1934 10 14 2106 2 6
2154 7 14 2165 5 2
2411 10 20 1909 10 11
1913 9 24 2207 6 18
2206 12 20 2189 1 16
2458 2 26 1934 3 4
2459 9 10 2480 1 11
2285 7 30 2483 8 14
2359 12 11 2202 6 10
2092 12 17 2234 4 19
2151 9 15 2016 10 6
2355 9 23 2056 12 9
2105 4 10 1968 10 28
2415 4 10 1975 6 26
2225 5 11 2273 6 26
2374 4 14 2208 12 4
2084 2 19 2009 2 27
2494 2 18 2353 1 31
1948 12 15 2489 2 16
2484 6 28 1990 11 16
2247 4 13 2012 3 7
1919 10 5 2277 10 19
2219 3 1 2129 4 13
2092 3 18 2462 3 13
2446 3 9 2233 12 21
2158 3 24 2471 6 14
2438 12 29 1915 9 25
2257 3 20 2221 7 20
2473 6 4 2080 4 23
2316 1 13 2306 1 22
1926 7 20 2249 5 22
2134 6 9 2365 9 21
2449 9 30 2131 5 6
2465 5 21 2048 4 23
2070 12 4 2266 1 31
2126 7 28 2099 11 7
1946 5 6 2037 5 26
2147 1 21 2348 7 22
2268 7 2 2097 3 7
2149 4 29 2369 10 9
1993 11 9 2128 5 17
2246 7 8 2286 11 12
2014 5 23 2387 1 28
1924 8 5 1901 12 10
2146 8 27 2226 12 3
1947 12 21 2037 11 26
1998 1 15 2311 6 12
2344 4 26 2293 10 22
2493 1 29 1955 5 6
2379 11 29 2486 4 22
2043 2 4 2473 11 6
2280 12 26 2005 7 23
2488 6 17 2176 7 22
2115 11 6 2074 9 4
2247 7 16 2388 8 9
2259 6 29 2410 7 3
2468 2 27 1929 3 23
2380 2 5 2486 1 24
2485 4 22 2400 9 24
1984 11 16 2433 6 24
2274 9 15 2153 6 1
2061 1 17 1993 6 5
2463 5 27 2115 7 2
1940 3 18 2284 11 20
1999 2 16 2165 6 10
2270 8 30 2104 12 2
2097 4 28 2171 5 6
2287 7 20 2432 9 9
1930 5 29 1947 4 8
2408 6 21 2460 10 26
2341 7 21 2410 11 22
2328 3 24 2167 1 25
2203 3 17 2068 10 9
2098 4 9 2175 6 4
2054 10 19 2066 9 13
2144 9 11 2412 2 18
1924 1 12 2391 8 3
2458 10 5 2087 1 12
2197 7 28 2227 9 19
2312 7 9 2199 8 30
1903 11 30 2393 7 26
2426 6 28 1948 8 8
2431 1 21 2211 11 19
2421 12 5 2242 6 25
2321 10 27 2316 12 8
1940 2 25 2231 2 15
2500 3 30 2077 7 29
2429 9 17 2410 11 4
2188 4 1 2312 1 10
2457 1 23 1927 1 23
2089 8 20 2338 2 25
2232 5 5 2148 5 26
1974 9 7 2373 7 15
2226 6 7 2038 2 19
2383 6 24 2226 12 11
2215 9 17 2250 2 20
2078 9 3 2120 4 13
2281 10 11 2489 2 12
2456 7 16 2102 4 12
2473 6 3 2188 11 21
2263 6 17 2489 11 22
2348 8 27 2440 11 20
2445 11 9 2042 12 6
1989 7 1 2429 5 1
2471 5 13 1925 4 9
1915 6 20 2133 10 5
2064 1 17 2392 5 18
2163 1 2 2051 10 5
2032 2 12 2079 6 11
2081 12 3 2024 1 20
2482 7 2 2321 12 20
1994 11 17 1926 10 29
2337 12 11 2262 10 28
2186 9 9 2416 7 11
2307 11 12 2181 3 14
1975 8 22 2049 1 22
2497 10 22 2213 12 18
2441 8 24 2277 9 26
2358 10 4 2028 9 21
2063 11 6 2434 8 5
2069 10 5 2431 2 17
1951 2 27 2098 6 10
2163 10 18 2159 2 1
2484 7 3 2174 2 14
2255 9 5 2162 6 6
1915 7 20 2447 9 26
2380 3 14 1910 1 8
2159 3 20 2467 9 28
1995 4 3 2228 6 14
1985 12 24 2169 1 22
2316 3 19 2148 9 20
2166 12 4 2117 1 31
1961 11 2 2095 1 2
2295 3 24 2417 10 19
2340 11 2 2228 7 28
2365 7 2 1968 6 8
1919 11 18 2268 11 6
2118 12 19 2081 6 21
2065 4 4 2404 8 21
2172 4 1 2075 11 18
2374 7 14 2235 6 11
2204 12 24 2161 11 14
2219 4 11 2035 5 28
1927 5 10 2342 4 6
2407 11 1 1957 5 11
1966 2 1 2145 12 12
1998 7 7 2389 4 3
1982 2 11 2495 8 27
1969 10 10 2350 8 25
2107 2 24 1927 2 16
2241 8 14 1961 4 18
2458 5 22 2446 1 29
1901 3 12 2135 9 1
2233 9 5 2359 6 22
2168 9 27 2179 11 28
2318 4 27 2210 8 3
2189 2 19 2206 11 22
2379 11 24 2072 5 1
2373 5 24 2459 11 17
2172 2 25 2370 4 12
2157 5 17 2056 6 30
2206 6 1 2208 4 30
2199 2 6 2012 5 4
2345 1 12 2314 11 8
2121 10 29 1971 11 5
2244 8 18 2080 7 4
2140 4 18 2380 11 15
2251 10 5 2353 5 17
1967 10 26 2377 3 20
2346 7 1 2389 10 15
2183 5 25 2001 5 16
2049 8 17 2119 11 22
1915 6 23 1917 2 26
2399 8 21 2281 8 26
2474 10 20 2153 6 1
2034 4 21 2126 8 1
2336 5 29 2017 11 11
2180 1 15 1925 9 21
2314 3 3 1992 4 11
2324 5 18 1979 5 31
2331 10 20 1924 7 5
2384 2 6 2256 10 28
2018 6 22 2373 6 13
1973 11 13 2436 10 14
2438 1 2 2426 12 19
2038 10 19 2158 1 22
2389 5 14 1928 4 4
1945 1 31 2206 9 14
2480 1 1 2313 8 30
2188 5 30 2080 6 5
2241 12 15 2307 9 7
1903 5 30 2065 8 7
2309 4 10 2417 1 5
2063 5 28 2258 9 9
2351 12 14 2308 12 24
2064 8 25 2049 10 6
2287 4 16 2061 1 31
2430 5 23 2311 5 15
1928 11 2 1953 1 6
2321 7 10 2122 10 10
2232 9 16 2189 1 9
2250 4 14 2055 12 19
2231 6 8 2222 12 16
2333 8 12 1945 12 20
2420 1 3 1999 10 21
2061 9 26 2098 9 19
2268 10 18 1974 12 20
1979 6 2 1949 7 15
2295 7 4 2331 3 3
2168 11 4 2254 5 12
2398 2 15 2265 11 27
2005 7 5 2252 8 11
2071 6 30 2094 6 18
2381 4 19 2111 7 22
2289 10 8 2382 3 18
2117 12 29 2423 5 28
2390 1 28 2117 9 16
2112 3 11 2103 4 17
2413 9 9 2273 3 13
2079 7 14 2352 9 30
2445 1 30 2167 7 23
2067 4 18 1914 9 14
2131 8 6 1950 6 6
2267 6 20 2275 6 26
1909 5 7 2036 4 15
2305 8 14 2470 2 11
2295 12 23 2133 5 7
2438 8 10 2182 9 15
2157 7 5 2348 9 12
2013 9 26 2493 12 22
2469 1 10 2157 10 28
2080 9 15 2478 1 24
2368 2 7 2065 7 12
2371 3 7 1999 6 14
1921 3 30 2418 11 24
2391 8 20 2382 4 9
2163 3 30 2499 8 30
2203 11 21 2107 7 18
2363 2 12 2033 4 27
1948 4 9 2364 6 14
1967 4 1 2114 9 4
2174 11 29 2295 9 30
2355 4 3 2045 6 19
1998 4 26 2469 8 28
2105 8 14 2076 7 30
2021 5 29 2261 6 22
2204 3 3 2382 1 20
1924 4 12 2248 4 15
1966 9 30 1902 1 27
1905 6 18 1995 1 13
2443 1 11 2185 1 14
2408 8 16 2174 2 22
2432 1 8 2285 12 30
2291 9 19 2312 10 31
2232 6 29 2452 9 11
2233 3 13 1995 11 27
2053 7 27 2330 8 28
2124 11 21 2136 3 17
2264 9 3 2005 4 4
2174 11 2 1984 10 29
2354 7 17 1956 9 2
2454 5 10 2247 7 7
2274 6 5 2204 1 16
2490 9 23 2492 5 2
2067 6 25 2068 5 12
2093 2 20 2332 1 4
2326 2 21 2229 4 15
2068 5 21 2372 1 22
2183 2 12 2385 9 18
1943 7 25 2139 11 13
1972 11 14 2480 3 30
2203 8 29 2495 12 19
2441 11 27 1912 7 7
2344 1 13 2403 5 22
2443 3 31 2487 1 16
2020 5 5 2093 8 11
2267 10 9 2493 9 24
2167 9 8 2366 9 6
2192 12 5 2236 2 25
2239 4 5 2369 3 12
2297 6 20 2464 6 27
2452 4 28 2440 9 24
2155 3 1 2012 12 10
1988 4 6 2363 3 7
2423 9 23 2210 2 3
1961 2 16 2452 5 16
2358 9 17 2085 8 30
1981 10 18 2233 5 21
2005 12 15 2340 7 9
2292 5 24 2156 6 3
2166 10 10 2193 9 25
1934 2 11 2002 11 8
2390 7 4 2268 3 11
2350 11 13 2079 10 4
2390 5 14 2422 9 27
2394 2 13 2456 11 13
2323 8 21 1945 1 5
2463 10 26 2081 9 13
2112 3 27 2147 5 24
2295 3 15 2232 12 15
2371 5 1 2171 9 20
1935 3 9 2369 11 15
1961 9 4 2343 2 24
2047 9 10 2025 3 26
2220 6 15 2072 5 3
2187 11 18 2232 5 23
2251 4 14 2029 8 25
1915 1 29 2150 11 30
1902 2 11 1971 10 14
1937 6 6 2393 1 24
1956 11 9 2176 7 31
2407 1 21 2473 2 4
2417 4 20 1953 6 5
2463 7 12 2109 9 1
2337 2 22 2343 2 22
2209 2 13 1909 1 24
1962 7 24 2154 3 11
2106 3 31 2477 12 19
1911 10 14 2106 6 17
2339 10 2 1976 8 4
2494 8 26 2026 5 16
2104 10 27 2334 4 20
2494 5 31 2349 5 14
1901 4 20 1999 9 25
2465 3 6 2489 11 14
2314 4 28 2244 9 12
2410 12 8 2366 5 6
2437 10 8 2187 6 11
2371 6 6 2353 12 6
2339 1 8 2167 1 3
2031 6 14 1990 5 30
2301 2 7 1929 3 6
1977 12 13 1904 10 13
2184 4 2 2331 12 1
2447 7 22 2225 1 26
1989 11 8 2332 4 28
2283 12 5 2293 5 13
1947 1 28 2439 4 30
2273 4 21 1944 2 26
1902 12 28 2465 12 31
2419 8 31 2179 11 23
2086 9 5 1907 5 16
2002 8 29 2060 10 17
2119 10 13 2401 5 24
2407 11 2 1975 3 15
2076 9 13 2239 11 28
2201 9 4 2467 3 3
2113 8 19 1919 3 30
2137 9 21 2305 5 1
2151 12 15 1973 2 19
2198 1 30 1962 3 7
2049 8 23 1993 10 18
2185 11 23 2072 9 29
1944 9 13 1926 6 18
2309 4 11 2349 8 3
2260 5 24 2311 11 21
2180 7 26 2158 3 31
2497 3 22 2452 10 27
2180 10 31 2253 11 18
2322 3 28 2294 12 6
1995 11 5 1953 1 3
2154 8 25 2049 5 17
2310 2 11 2197 5 28
2433 8 30 2301 4 24
2310 9 20 2110 10 5
2374 1 30 2199 5 21
2349 6 21 2374 3 7
2366 4 12 2112 5 25
2135 1 11 2480 9 17
2323 10 18 2424 7 31
2033 1 27 2459 11 20
1962 7 26 2124 1 16
2250 10 25 2194 9 23
2153 7 1 2408 2 6
1967 4 14 2098 4 8
2098 8 29 2063 2 18
2292 7 4 2294 2 13
2115 4 18 2019 1 17
1951 1 21 2195 9 30
2303 7 2 2436 12 21
1955 9 29 2431 3 20
2216 2 21 2008 12 13
1928 2 8 2297 12 26
2126 2 28 2250 8 1
2399 6 20 2147 5 25
2371 11 8 2249 5 29
2197 9 22 2172 8 6
2148 4 2 1979 8 31
2454 6 24 2481 11 5
2465 5 20 2326 3 7
2263 5 23 2120 10 7
1915 6 23 1936 1 10
2080 12 10 2313 6 21
2049 11 6 2042 4 10
1986 4 24 2035 1 1
2124 3 29 2308 10 4
2268 1 11 2072 4 6
2075 8 17 2410 12 10
1920 9 9 2135 6 30
1956 12 30 2129 2 14
2052 2 11 1948 1 11
1917 12 5 2152 7 9
2427 1 27 2389 6 24
2469 5 9 2020 3 9
2221 10 26 2190 2 26
2351 10 6 2466 1 26
2259 6 30 1992 9 30
2053 11 16 2124 7 17
2019 4 6 2134 7 21
2115 3 25 2398 4 22
1919 2 17 2101 4 17
2151 6 2 1940 2 28
1991 2 28 2127 1 12
2008 12 26 2253 9 26
2001 11 2 1907 5 22
1950 11 1 1930 12 17
1998 10 21 2172 6 1
2101 4 30 2065 2 14
2303 1 23 2184 10 30
1931 2 4 2112 12 14
2169 5 24 1952 10 1
2377 12 30 2004 7 4
2476 3 27 2145 11 15
1939 9 4 1975 8 21
2488 2 18 2244 2 11
2091 10 28 2297 1 6
1966 10 12 1949 9 21
2036 9 3 2319 1 29
2424 7 10 2457 10 26
1923 1 29 2226 8 8
2421 11 2 2309 3 23
2270 9 27 2050 1 24
2272 8 6 2184 7 19
2055 2 17 1935 10 19
2106 12 27 2102 1 16
2488 6 10 2331 10 25
2282 7 3 1971 4 18
2100 3 23 2045 2 4
2402 5 25 2010 3 18
2495 4 21 2397 5 13
2306 8 15 2165 6 7
2474 8 19 2348 6 20
1937 1 3 1978 5 12
2289 2 16 1945 8 25
2350 6 21 2182 10 5
2367 11 25 2472 3 28
2059 1 12 2199 4 10
2091 8 31 2104 2 6
2027 10 24 2366 7 31
2451 4 4 1991 2 2
2140 12 8 2036 7 6
2357 1 5 2390 12 6
2099 2 21 2141 1 6
2306 12 20 2249 9 12
2079 12 24 2143 6 8
2088 9 13 2071 4 12
2005 5 2 1967 6 15
2052 12 27 2401 4 15
2490 2 28 2357 2 8
2150 1 17 2319 7 11
2296 6 25 2301 8 29
1952 5 9 2111 3 31
2126 11 13 2289 11 17
2453 12 24 2248 1 27
2388 2 15 2326 4 25
2402 8 22 2359 12 8
2331 7 1 1927 1 5
2236 2 20 2008 7 26
2436 11 22 2373 3 7
1920 10 31 2102 7 21
2419 5 27 2104 11 9
2281 1 5 2102 3 29
2338 6 13 2187 9 13
2255 5 3 2178 1 21
2165 8 16 2465 10 5
2401 12 26 2368 3 3
2166 12 28 1950 1 14
2179 6 8 1981 9 22
2345 7 19 2375 8 23
2068 12 29 2013 4 21
2389 1 29 2497 12 21
2195 6 12 2017 7 29
2237 1 16 2094 1 4
2048 1 19 2033 8 9
1923 11 24 2337 7 20
2379 8 30 2217 4 23
1909 3 11 2332 3 10
2239 4 19 2172 9 1
2065 4 30 2376 5 13
2430 3 23 1995 7 4
2236 6 14 2204 2 18
2368 2 28 2393 1 21
2081 7 14 2061 3 5
2061 11 25 2030 7 12
2194 12 4 2016 11 18
2065 2 17 1980 9 14
2007 9 9 1944 1 28
1908 5 6 1986 9 22
2373 2 22 2368 3 29
2454 9 24 2303 8 12
2103 8 6 1979 4 17
2105 6 23 2383 2 24
2150 9 14 2343 2 17
2386 7 10 2091 10 23
1935 11 18 1950 10 17
2479 8 24 2409 6 14
2147 6 2 2162 1 23
1993 2 17 2028 4 28
1972 9 8 2089 7 1
2261 9 8 2180 10 5
1963 12 18 2126 8 7
2499 7 24 1990 4 27
2194 4 4 1918 11 25
2096 3 26 2103 11 19
2160 3 13 2467 7 21
1979 1 30 2450 10 12
2406 1 27 1908 10 16
1934 8 12 1989 1 18
2163 8 2 2445 7 2
2426 2 12 2139 8 10
2233 2 6 2439 11 16
2417 4 2 2412 12 16
2439 1 11 2340 6 29
2492 8 16 2118 5 29
2111 2 11 2126 12 30
2299 12 14 2340 3 17
2227 3 9 2310 2 28
2079 4 18 2178 12 13
2378 7 19 2274 9 9
2419 3 18 2474 4 13
2403 10 4 2286 9 24
2422 4 12 2470 5 22
2085 7 9 2253 1 2
2213 10 12 2229 3 14
1997 10 4 2394 7 23
2458 5 18 2274 10 30
2379 8 23 2091 1 22
2024 6 15 2116 2 27
1960 6 17 2146 11 17
2044 3 1 2112 9 8
2431 6 5 2095 7 19
1999 6 13 2471 8 29
2471 11 21 2177 2 14
2220 1 1 2476 10 16
1974 1 17 2330 12 14
2419 2 1 2393 8 24
2493 11 25 2287 9 30
2346 7 17 2358 7 30
2323 2 24 2058 5 31
2138 7 12 2165 8 15
2032 10 31 2153 3 15
2444 11 14 2040 1 29
1979 7 5 2136 8 27
2126 3 22 2361 4 15
2486 1 10 2147 2 28
2155 5 26 2441 5 27
2351 12 5 2334 11 28
2114 9 14 2011 4 7
1951 6 3 2005 10 28
2499 11 29 2307 9 16
2458 12 25 2022 4 9
2445 2 26 2165 4 23
2274 5 22 2369 7 23
1956 2 22 2408 10 7
2436 8 30 2276 10 28
2193 7 15 2070 8 23
2408 4 22 2406 5 8
2450 10 8 2370 11 8
1906 10 29 2379 1 31
1954 12 16 2167 7 22
2064 3 28 1901 5 26
2321 12 13 1974 1 21
2495 2 4 2151 8 8
2150 1 8 2294 12 28
2087 9 1 2479 3 8
2428 10 3 2491 2 8
1942 2 4 2172 8 8
2102 6 16 2105 4 5
2299 2 25 2241 11 14
2088 6 14 2479 12 25
2340 4 20 1963 6 21
2119 11 15 2218 10 19
1917 11 15 2262 12 23
2026 2 3 2167 10 7
2210 6 25 2314 8 25
2495 3 26 2214 5 21
1927 11 25 2053 8 17
2066 1 15 2312 6 30
2441 12 20 2104 6 21
2045 7 12 2451 4 7
2452 11 19 1977 4 3
2215 10 4 2359 6 19
2433 3 13 2038 6 19
1977 11 28 2402 10 15
2204 2 19 2067 4 15
2425 3 30 2413 7 17
2445 1 14 2492 8 8
2023 12 21 2149 9 3
2489 6 13 1968 3 4
2052 10 5 1955 8 28
2441 8 1 1953 4 15
2108 12 15 1981 4 27
2180 6 6 2165 6 3
2347 11 8 2172 10 29
2441 10 29 2100 8 9
2049 8 21 2345 4 14
2360 7 26 2159 8 17
2057 11 9 2482 11 7
2124 5 27 2363 12 11
2148 5 26 2486 12 16
2343 8 21 2491 9 8
2346 12 19 2453 10 6
2306 10 10 1925 3 14
2261 3 8 2455 9 22
1974 9 26 1923 6 19
2106 9 24 2465 11 2
1954 1 1 2230 5 12
1925 2 3 1918 6 26
1977 6 16 2445 8 3
2248 2 28 2423 12 1
2073 1 12 1946 5 10
2488 11 26 2108 8 16
1914 9 10 2164 6 3
2489 11 27 2264 7 22
2304 6 9 1903 12 30
2104 8 23 2397 5 20
2173 8 26 1980 12 28
2020 5 30 2449 8 6
2091 9 12 2259 4 30
2307 11 5 2307 2 8
2283 5 8 2191 2 24
1995 2 27 2350 9 26
2488 12 6 2330 8 23
2101 11 2 2023 1 28
2494 11 10 2311 2 17
2346 4 5 2173 6 4
2188 4 5 2378 1 6
2456 12 3 2081 1 13
2222 10 31 2163 4 15
2124 9 6 2155 3 5
2011 5 28 2247 1 22
2161 4 14 2127 5 22
2474 8 18 2473 1 17
2423 10 21 2267 1 6
2011 12 28 1918 6 26
2042 12 31 1917 10 1
2433 10 17 2237 9 11
2129 6 29 1992 6 17
2112 12 8 2089 6 12
2293 1 29 1974 10 13
2389 8 17 1936 12 8
2335 9 6 2425 1 24
2187 1 16 2425 12 18
2223 12 13 2151 8 29
2222 5 19 2165 10 2
1984 6 29 2039 5 6
2179 7 14 2064 7 31
1922 9 20 2077 6 2
1901 4 7 2269 6 20
2347 8 29 2244 8 19
2083 11 18 1901 5 11
2171 11 24 2120 11 18
1942 8 10 2111 8 25
2472 12 31 2140 9 13
2400 11 8 1947 10 25
2408 1 17 2365 5 7
1959 11 22 2222 7 5
2232 12 18 2274 10 19
2025 10 26 2055 9 30
2119 8 15 1938 11 5
2128 2 24 2173 2 20
1962 12 18 2373 2 24
2123 1 8 2183 6 13
2483 10 8 2174 12 6
2473 7 23 2378 8 22
2232 8 22 1971 4 30
2194 9 16 2323 1 18
2227 7 12 2401 6 12
2353 4 13 1910 1 25
2160 1 1 2153 2 14
2040 1 4 1976 11 18
2425 8 20 2102 11 2
1928 5 9 2234 1 5
1945 2 3 2137 11 5
2117 10 17 2102 2 12
2131 9 16 1935 4 7
2282 1 22 2137 2 20
2469 6 2 2155 7 5
2326 8 2 2468 4 28
1902 8 14 2256 6 21
2103 12 30 2478 3 23
2004 12 15 1926 1 13
2313 5 2 2045 11 8
1973 4 15 2302 11 11
2089 4 12 1946 11 27
2229 9 25 2476 2 17
2162 10 10 2413 3 6
2085 7 4 2302 11 4
1949 3 1 2024 8 17
2266 5 6 2187 2 4
2446 10 8 2320 9 8
1948 7 22 2311 7 27
2095 3 6 2322 8 31
2296 8 13 2192 3 15
1979 12 17 2008 11 3
2036 8 14 2015 11 25
1924 10 31 2466 4 21
1970 10 19 2297 12 18
2142 3 22 1929 6 6
2412 4 12 2227 8 7
2020 3 5 2222 9 17
2208 1 26 2241 2 25
2231 4 1 2468 4 10
2399 5 30 2426 1 14
2424 1 31 2405 3 19
1912 2 17 2338 3 24
2406 3 5 2411 7 19
2267 5 29 2417 12 6
2186 7 13 1969 4 26
2162 3 7 2490 7 23
2213 6 2 2418 3 14
2123 8 31 2449 2 5
2016 9 1 1990 1 9
2271 11 11 2500 11 6
2457 8 20 2055 9 9
1971 1 26 1972 6 21
2484 1 2 2014 1 3
2206 8 12 2087 5 9
2079 7 18 2329 10 8
2266 2 1 2310 4 7
2469 6 6 1905 6 11
2007 5 16 2081 3 14
2389 8 25 2344 2 17
2216 4 2 2042 4 29
2243 10 25 2127 3 11
2035 7 14 2280 3 17
1931 6 1 2161 6 15
1968 6 5 2169 6 22
2255 1 10 2098 11 15
1947 5 17 2461 7 22
2346 9 23 2273 9 12
2065 3 27 2306 11 14
2012 10 9 2338 7 20
2270 5 2 2441 10 4
1975 8 2 1943 8 16
1905 10 5 2077 2 2
1968 11 20 2284 12 12
2110 3 22 2429 9 6
1989 10 8 2305 10 10
2072 4 11 2478 2 18
2055 6 19 2136 3 22
2149 2 7 2228 6 26
2033 11 4 1984 3 15
2101 11 11 2138 11 8
2045 2 18 2467 8 28
2164 6 23 1935 1 31
1903 1 15 2129 4 23
2026 8 26 2201 12 21
2493 8 10 1925 10 22
2135 10 28 2348 4 22
2358 7 7 1922 5 28
2416 7 30 2108 11 12
2332 8 24 2099 9 29
2039 5 5 1994 5 10
2015 11 10 2377 6 7
2459 8 7 2165 9 28
2332 9 9 2006 4 29
2468 3 1 2401 1 27
2489 12 20 2084 9 19
2273 7 22 2454 3 2
2491 1 12 1902 2 13
2169 5 12 2447 2 20
2116 9 8 2252 9 3
2204 1 1 2316 5 2
2364 9 10 1983 10 24
2220 4 23 2083 5 3
2195 2 16 2223 8 21
2126 11 16 1984 6 22
2346 9 17 2255 4 7
2052 4 9 2203 6 16
1984 5 20 2058 8 30
2337 6 23 2404 9 11
2117 6 25 2394 9 1
1935 2 1 2033 8 12
1919 3 4 2069 9 29
2437 9 26 2412 10 15
2347 7 26 1912 10 12
2252 2 12 2486 3 2
2118 6 24 1947 10 11
2243 9 18 1918 1 23
2358 9 10 2435 8 14
2227 11 4 2485 10 28
2330 5 21 2341 6 3
2001 8 7 2354 10 12
2410 4 6 2217 1 8
2429 6 27 2280 1 18
2177 7 29 2412 7 25
2185 5 25 2167 5 17
2499 9 18 2121 10 1
2364 4 22 2151 8 10
2498 8 17 2246 8 27
1906 8 17 2275 8 13
2062 4 18 2424 6 5
2044 8 1 2091 12 14
2115 11 6 2106 9 5
1937 7 1 2314 8 7
2322 5 13 2289 8 10
1951 5 23 2440 12 12
2046 12 13 2069 10 4
2113 1 23 2440 2 9
2414 3 5 2316 12 3
2277 1 13 2222 6 1
2413 12 20 2288 3 2
2111 5 22 2482 5 17
2173 5 17 2246 4 21
2103 5 14 1991 5 1
2358 9 8 2361 6 1
2272 7 16 2106 2 13
2036 12 28 2205 10 7
1956 6 23 2102 7 11
2002 9 24 2292 7 23
1937 8 26 2455 5 27
1937 4 30 2235 9 7
2439 1 9 2447 9 10
2075 4 7 2487 6 11
2174 3 13 2249 3 1
2281 3 7 2397 5 14
1966 10 20 2206 8 14
2054 10 23 1970 8 8
2391 2 3 2037 4 4
1957 5 15 2354 9 22
2469 5 11 2263 9 9
2094 7 24 2435 4 11
2045 1 9 1907 11 3
2078 1 25 2364 10 21
2119 6 17 2044 7 16
2036 3 16 2130 6 13
2280 11 19 2172 5 12
1994 6 20 1934 12 4
1936 1 27 2032 8 2
2206 10 2 2133 2 14
1912 5 26 2275 10 23
2167 5 16 2357 4 10
1950 2 17 2052 11 10
2379 2 5 1975 5 18
1928 11 8 2399 7 5
2288 6 29 1915 12 12
2348 7 8 2474 11 2
2085 5 21 2421 12 30
2041 10 8 2321 1 12
2276 8 26 2373 2 9
2259 9 26 2317 4 25
2280 7 16 2176 8 20
2027 1 19 2279 5 18
2365 5 20 2320 9 20
2028 1 16 2146 9 25
2058 8 15 2375 8 19
1920 4 1 2014 3 16
2267 1 12 2376 7 29
1996 7 16 2102 6 28
2023 2 14 2036 11 28
2391 5 29 2026 11 21
2404 10 2 2276 8 5
2215 2 10 2407 2 12
1923 1 13 2455 2 3
2272 5 7 2205 12 10
2023 10 7 1939 7 15
2019 6 7 2394 9 2
2387 4 25 2228 6 14
2295 8 20 2452 2 12
1919 6 18 2126 10 20
2368 4 17 2306 7 29
2063 9 29 2361 11 24
2362 5 26 2288 1 9
1912 3 9 2032 3 10
2001 1 9 2191 10 26
2488 2 23 1934 11 4
2207 5 27 1906 1 27
2461 6 11 2035 2 7
2086 5 4 2036 8 15
1943 12 8 2428 2 24
2098 5 30 2027 7 11
1903 1 5 2195 10 20
2197 6 25 2499 12 18
2126 5 24 1927 8 25
2454 3 31 1925 6 8
2117 3 11 2299 9 13
2275 11 11 2311 9 15
2164 5 30 2151 4 30
2306 5 26 2394 11 16
2048 12 24 2218 4 13
2346 4 3 2418 10 24
1972 12 18 2162 7 15
2146 10 10 2236 8 26
2317 10 26 2470 11 20
2335 2 15 2306 12 30
1958 1 20 2192 6 13
2183 5 25 2284 6 26
1941 4 18 2299 7 4
1908 3 23 2193 12 25
2332 3 4 2382 4 15
